--- SALDO TRIMESTRAL POR PAIS (116) ---
----------------------------------------------------------------------------------------
PAIS                      | TRIM 1       | TRIM 2       | TRIM 3       | TRIM 4      
----------------------------------------------------------------------------------------
Andorra                   | 0.01         | 0.00         | 0.00         | 0.01        
Emiratos Árabes Unidos   | 0.69         | 0.63         | 0.58         | 0.95        
Armenia                   | 0.00         | 0.01         | 0.02         | 0.00        
Angola                    | 0.00         | 0.01         | 0.01         | 0.01        
Austria                   | 0.50         | 0.02         | 0.01         | 0.63        
Australia                 | 4.97         | 4.55         | 3.07         | 7.48        
Aruba                     | 0.00         | 0.01         | 0.00         | 0.01        
Azerbaiyán               | 0.01         | 0.00         | 0.00         | 0.00        
Bélgica                  | 0.91         | 0.84         | 0.39         | 0.95        
Bahrein                   | 0.00         | 0.01         | 0.00         | 0.00        
Bolivia                   | -5.28        | -8.52        | -7.35        | -6.56       
Brasil                    | 8.56         | 24.21        | 3.08         | 4.67        
Canadá                   | 4.07         | 3.78         | 3.48         | 5.01        
Suiza                     | 4.50         | 3.83         | 3.85         | 5.76        
Costa de Marfil           | 0.00         | 0.00         | -0.01        | -0.01       
Chile                     | 18.44        | 14.60        | 11.87        | 9.48        
Camerún                  | 0.00         | 0.00         | 0.00         | 0.00        
China                     | -0.22        | -0.32        | 0.01         | -0.36       
Colombia                  | 0.56         | 0.62         | -0.72        | -2.07       
Costa Rica                | 0.57         | 0.53         | 0.56         | 0.63        
Cabo Verde                | 0.00         | 0.00         | 0.00         | 0.00        
Curaçao                  | 0.00         | 0.00         | 0.00         | 0.01        
Chipre                    | 0.00         | 0.00         | 0.00         | 0.79        
República Checa          | 0.00         | 0.00         | 0.00         | 0.01        
Alemania                  | 5.44         | 4.89         | 2.79         | 5.71        
Dinamarca                 | 1.30         | 0.96         | 0.39         | 1.62        
República Dominicana     | -0.58        | -0.99        | -1.18        | -1.58       
Ecuador                   | 7.27         | 11.55        | 7.35         | 7.65        
España                   | 31.88        | 23.21        | 24.87        | 31.90       
Finlandia                 | 0.00         | 0.00         | 0.00         | 0.01        
Islas Malvinas            | 0.00         | 0.01         | 0.01         | 0.00        
Francia                   | 6.17         | 7.72         | 3.65         | 6.98        
Reino Unido               | 5.17         | 5.41         | 3.60         | 6.23        
Georgia                   | 0.00         | 0.00         | 0.01         | 0.01        
Ghana                     | 0.00         | 0.00         | -0.01        | 0.00        
Guinea Ecuatorial         | 0.00         | 0.00         | 0.00         | 0.00        
Grecia                    | 0.01         | 0.00         | 0.01         | 0.00        
Guatemala                 | -0.03        | 0.06         | 0.03         | 0.03        
Hong Kong                 | 0.01         | 0.00         | 0.01         | 0.01        
Honduras                  | 0.03         | 0.54         | 0.33         | 0.01        
Croacia                   | 0.00         | 0.00         | 0.00         | 0.01        
Haití                    | -0.07        | -0.08        | -0.10        | -0.15       
Hungría                  | 0.01         | 0.01         | 0.00         | 0.01        
Indonesia                 | -0.01        | 0.00         | 0.01         | 0.00        
Irlanda                   | 1.09         | 0.87         | 0.34         | 1.25        
Israel                    | 0.00         | 0.50         | 0.62         | -0.10       
Isla de Man               | 0.00         | 0.00         | 0.00         | 0.00        
India                     | -0.05        | -0.06        | 0.01         | -0.11       
Islandia                  | 0.00         | 0.00         | 0.00         | 0.00        
Italia                    | 6.25         | 4.53         | 4.15         | 6.49        
Japón                    | 0.02         | 0.04         | 0.05         | 0.05        
Kirguistán               | 0.00         | 0.00         | 0.00         | 0.00        
Corea del Sur             | 0.00         | 0.00         | 0.01         | 0.01        
Islas Caimán             | 0.00         | 0.00         | 0.00         | 0.00        
Kazajstán                | 0.48         | 0.00         | 0.00         | 0.00        
Liechtenstein             | 0.00         | 0.00         | 0.00         | 0.01        
Lituania                  | 0.03         | 0.01         | 0.02         | 0.04        
Luxemburgo                | 0.01         | 0.01         | 0.02         | 0.03        
Letonia                   | 0.00         | 0.00         | 0.00         | 0.01        
Mónaco                   | 0.00         | 0.00         | 0.00         | 0.00        
México                   | 3.76         | 3.39         | 3.19         | 3.34        
Malasia                   | 0.00         | 0.00         | 0.00         | 0.00        
Nicaragua                 | 0.00         | 0.00         | 0.00         | -0.01       
Países Bajos             | 1.79         | 1.64         | 0.64         | 1.97        
Noruega                   | 0.02         | 0.47         | 0.01         | 0.65        
Nueva Zelanda             | 1.28         | 1.14         | 0.56         | 1.60        
Panamá                   | 1.20         | 1.13         | 0.77         | 1.22        
Perú                     | -0.87        | -1.78        | -2.64        | -2.83       
Filipinas                 | -0.05        | -0.09        | -0.09        | -0.10       
Pakistán                 | 0.00         | -0.07        | -0.09        | -0.09       
Polonia                   | -0.04        | 0.01         | 0.00         | 0.02        
Puerto Rico               | 0.01         | 0.02         | 0.01         | 0.00        
Portugal                  | 0.76         | 0.60         | 0.48         | 1.05        
Paraguay                  | -9.77        | -16.27       | -36.30       | -45.53      
Qatar                     | 0.01         | 0.01         | 0.00         | 0.00        
Rumania                   | 0.01         | 0.02         | 0.00         | 0.02        
Rusia                     | 0.00         | 0.00         | 0.00         | 0.00        
Arabia Saudita            | 0.00         | 0.00         | 0.00         | 0.01        
Suecia                    | 0.89         | 0.77         | 0.56         | 0.92        
Singapur                  | 0.00         | 0.01         | 0.01         | 0.01        
Eslovaquia                | 0.00         | 0.00         | 0.00         | 0.00        
Senegal                   | -0.59        | -0.21        | -0.26        | -0.08       
El Salvador               | 0.03         | 0.03         | 0.37         | 0.01        
Turquía                  | 0.15         | -0.08        | -0.14        | -0.16       
Taiwan                    | 0.01         | 0.00         | 0.01         | 0.01        
Tanzania                  | 0.00         | 0.00         | 0.00         | 0.00        
Ucrania                   | 0.00         | -0.08        | -0.08        | 0.00        
Estados Unidos            | 64.60        | 57.08        | 53.31        | 72.08       
Uruguay                   | 6.32         | 4.87         | 5.08         | 5.47        
Venezuela                 | 0.70         | 0.72         | 0.86         | 0.85        
Viet Nam                  | 0.00         | 0.00         | 0.00         | 0.00        
Sudáfrica                | 0.01         | 0.01         | 0.02         | 0.02        
Burkina Faso              | 0.00         | 0.00         | 0.00         | 0.00        
Botswana                  | 0.00         | 0.00         | 0.00         | 0.00        
Cuba                      | 0.00         | 0.00         | 0.00         | 0.00        
Jamaica                   | 0.00         | 0.00         | 0.00         | 0.00        
Kenia                     | 0.00         | 0.00         | 0.00         | 0.00        
Kuwait                    | 0.00         | 0.00         | 0.00         | 0.00        
Nueva Caledonia           | 0.00         | 0.01         | 0.00         | 0.00        
Omán                     | 0.00         | 0.00         | 0.00         | 0.00        
Togo                      | 0.00         | -0.01        | 0.00         | 0.00        
Zambia                    | 0.00         | 0.00         | 0.00         | 0.00        
Benin                     | 0.00         | 0.00         | 0.00         | 0.00        
Bermudas                  | 0.00         | 0.00         | 0.01         | 0.00        
Bonaire, San Eustaquio y Saba | 0.00         | 0.00         | 0.00         | 0.00        
Estonia                   | 0.00         | 0.00         | 0.00         | 0.00        
Egipto                    | 0.00         | 0.00         | 0.00         | 0.00        
Islas Feroe               | 0.00         | 0.00         | 0.00         | 0.00        
Jersey                    | 0.00         | 0.00         | 0.00         | 0.00        
Santa Lucía              | 0.00         | 0.00         | 0.00         | 0.00        
Papua Nueva Guinea        | 0.00         | 0.00         | 0.00         | 0.00        
Eslovenia                 | 0.00         | 0.00         | 0.00         | 0.00        
Islas Vírgenes Británicas | 0.00         | 0.00         | 0.00         | 0.00        
Etiopía                  | 0.00         | 0.00         | 0.00         | 0.00        
Líbano                   | 0.00         | 0.00         | 0.00         | 0.01        
San Vicente y las Granadinas | 0.00         | 0.00         | 0.00         | 0.00        
----------------------------------------------------------------------------------------